   0.0273584751
   0.0285198613
   0.0215032849
   0.0309187704
   0.0090379104
   0.0087598804
   0.0113369510
   0.0096339533
   0.0247684401
   0.0140476161
   0.0287668608
   0.0184038465
   0.0113870948
  -0.0092238827
  -0.0214763997
  -0.0172803732
  -0.0332894516
  -0.0202681731
  -0.0322812807
  -0.0330162955
  -0.0047008656
  -0.0347108451
  -0.0184394879
  -0.0096123157
  -0.0256203426
  -0.0167426919
  -0.0126390837
   0.0041605938
   0.0055498505
   0.0187313108
   0.0026803088
   0.0098633316
  -0.0021283475
   0.0019322572
   0.0023676011
   0.0165118527
   0.0055211357
   0.0076224228
   0.0091781271
   0.0014461043
   0.0053348141
  -0.0014196769
  -0.0046756595
   0.0148501593
   0.0047835843
  -0.0024853589
   0.0074842352
  -0.0250642972
  -0.0289525028
  -0.0401535459
  -0.0339697319
  -0.0423227516
  -0.0465365716
  -0.0387614324
  -0.0414447729
  -0.0473449375
  -0.0462083973
  -0.0406301917
  -0.0457274895
  -0.0400916689
  -0.0230371808
  -0.0376434494
  -0.0325184765
  -0.0205979851
   0.0012287286
  -0.0006003492
   0.0132640440
   0.0008622289
   0.0032651626
   0.0196505973
   0.0036996051
   0.0057213304
   0.0166179031
  -0.0034284581
   0.0196436045
  -0.0007892758
   0.0095354616
  -0.0290439561
  -0.0378143283
  -0.0465433274
  -0.0367769546
  -0.0513527352
  -0.0537288713
  -0.0496054012
  -0.0448604975
  -0.0541967560
  -0.0553003798
  -0.0528318075
  -0.0399820594
  -0.0497969077
  -0.0526070085
  -0.0477376137
  -0.0346516437
  -0.0434474448
  -0.0305391210
  -0.0223341031
   0.0039894077
   0.0032473643
   0.0134663650
   0.0029794603
   0.0026629130
   0.0046984289
   0.0096020241
   0.0003464196
   0.0094525942
   0.0119495474
   0.0030180583
   0.0035422707
  -0.0022184032
  -0.0017545383
   0.0041829003
   0.0056191884
   0.0035837059
  -0.0377865843
   0.0028858223
  -0.0009116067
  -0.0029319651
   0.0296322752
   0.0353460011
   0.0315862817
   0.0303143195
   0.0496705354
   0.0366968695
   0.0320576386
   0.0300978381
   0.0375125625
   0.0306968133
   0.0375756772
   0.0222357420
   0.0029046073
   0.0273787202
   0.0205644829
   0.0096147008
  -0.0083659956
  -0.0027070762
   0.0232985052
   0.0175350600
   0.0119899361
   0.0179804658
   0.0246355105
   0.0200706225
   0.0183788254
   0.0222568197
   0.0151048452
   0.0073455431
   0.0165114808
   0.0227037930
   0.0258391532
   0.0198294216
   0.0069747436
  -0.0187855547
   0.0049534864
   0.0365655056
   0.0256244286
   0.0440411264
   0.0252185430
   0.0360319033
   0.0441769356
   0.0260132405
   0.0365669545
   0.0371268710
   0.0272461976
  -0.0098839820
   0.0021351769
   0.0102879448
   0.0048011573
  -0.0171178120
   0.0101893413
   0.0046911162
  -0.0190198640
   0.0013104201
   0.0056959218
   0.0055348525
   0.0024624167
  -0.0031993641
   0.0063609427
   0.0070870689
  -0.0148231646
   0.0022408205
   0.0083093302
   0.0081458884
  -0.0238194054
   0.0009447983
  -0.0248655022
  -0.0003609266
  -0.0260810961
  -0.0097481475
   0.0033744465
   0.0085895728
   0.0052405333
   0.0041356565
   0.0010253676
   0.0073260091
   0.0067054710
   0.0065032213
   0.0026708575
   0.0008663240
   0.0022243784
   0.0026613000
  -0.0041318892
   0.0009241247
   0.0031159472
   0.0033642007
  -0.0026841591
  -0.0186924890
  -0.0066325195
  -0.0377556058
   0.0043813500
  -0.0055912536
  -0.0330464972
   0.0022443642
   0.0034163917
  -0.0019559905
  -0.0188253285
   0.0009429882
   0.0018299396
   0.0026300598
  -0.0050487631
   0.0014800719
   0.0023079548
  -0.0212031263
  -0.0041845868
  -0.0229410582
  -0.0013911199
   0.0043544793
  -0.0265245788
  -0.0023707002
   0.0036747025
  -0.0067877902
   0.0224304929
   0.0247176960
   0.0321597152
   0.0233258527
   0.0177181922
   0.0238018630
   0.0252120503
   0.0086713521
   0.0075051173
   0.0108547110
   0.0074873531
   0.0189052187
   0.0102929076
   0.0335054210
   0.0141926827
   0.0219530132
   0.0134158119
   0.0090311583
  -0.0054165260
  -0.0132957371
  -0.0103040728
  -0.0210418194
  -0.0128778028
  -0.0233794144
  -0.0192840495
   0.0025779056
  -0.0240106794
  -0.0189717874
  -0.0150550684
  -0.0222663449
  -0.0114489237
  -0.0072434117
  -0.0162063257
  -0.0100814882
  -0.0075423311
   0.0026390109
   0.0028970699
   0.0106872215
   0.0006190875
   0.0057222732
  -0.0033532328
   0.0006963877
   0.0027753631
   0.0095491307
   0.0037667648
   0.0054566549
   0.0054438716
   0.0024467118
   0.0016009152
  -0.0018729571
  -0.0056840987
   0.0084691141
   0.0029738749
  -0.0034449142
   0.0035977474
  -0.0179256778
  -0.0196283657
  -0.0289337773
  -0.0245130953
  -0.0305176122
  -0.0348917233
  -0.0287286960
  -0.0287533200
  -0.0360833674
  -0.0363224967
  -0.0277229113
  -0.0356050853
  -0.0362406601
  -0.0279692826
  -0.0338346341
  -0.0295565796
  -0.0137810856
  -0.0262777445
  -0.0230426679
  -0.0140958341
   0.0009932569
  -0.0025928469
   0.0078326709
  -0.0011455701
   0.0005751301
   0.0110303723
   0.0030528753
   0.0013426152
   0.0093749423
  -0.0044688591
  -0.0023337223
  -0.0128245672
   0.0045457197
  -0.0214437116
  -0.0272493206
  -0.0346700819
  -0.0267373045
  -0.0385626121
  -0.0416269967
  -0.0370768818
  -0.0403511144
  -0.0442032464
  -0.0435693526
  -0.0377980627
  -0.0396205141
  -0.0437497806
  -0.0430741392
  -0.0369015728
  -0.0369892983
  -0.0401060248
  -0.0344001476
  -0.0247127840
  -0.0315856672
  -0.0209744186
  -0.0161567177
   0.0032714422
   0.0016218201
   0.0077008075
  -0.0001662096
   0.0024170963
   0.0023837112
   0.0072895187
   0.0080905369
   0.0074126016
   0.0085562667
   0.0063207106
   0.0003437311
   0.0016111146
  -0.0033328738
   0.0010264500
   0.0026737246
   0.0019039438
   0.0021838422
  -0.0036471312
   0.0256963876
   0.0288780387
   0.0267119524
   0.0256983015
   0.0376525280
   0.0302868209
   0.0274718631
   0.0258065921
   0.0381754678
   0.0309737279
   0.0272956291
   0.0255879829
   0.0399410497
   0.0313172016
   0.0264780993
   0.0306187033
   0.0198479413
   0.0105965845
  -0.0047237973
   0.0224424076
   0.0174528249
   0.0101169169
  -0.0007630483
  -0.0058516165
   0.0193675811
   0.0150719884
   0.0100125790
   0.0118557967
   0.0169897278
   0.0208293308
   0.0162692216
   0.0143754949
   0.0179971389
   0.0129841808
   0.0060237954
   0.0092061790
   0.0152433300
   0.0189692385
   0.0210510871
   0.0163888787
   0.0077253500
  -0.0076515901
   0.0196851371
   0.0105071684
  -0.0068122338
   0.0296359728
   0.0221172960
   0.0363766690
   0.0214679647
   0.0296383070
   0.0392162479
   0.0156674830
   0.0260027579
   0.0325108882
   0.0364972555
   0.0083228332
   0.0224614678
   0.0302743530
   0.0300974639
   0.0234231696
  -0.0012596973
   0.0059250772
  -0.0000867799
   0.0079145676
   0.0043474752
  -0.0055597810
   0.0057649130
  -0.0006483338
   0.0041530373
  -0.0028924440
   0.0029616901
   0.0035116792
   0.0017063335
  -0.0045613506
  -0.0000781591
   0.0045443785
   0.0043862877
  -0.0206889304
  -0.0050827012
   0.0031001992
   0.0058496348
   0.0048965913
  -0.0098982174
   0.0013989719
   0.0064920327
  -0.0302135798
  -0.0087893003
   0.0014422496
   0.0067379664
  -0.0127872343
  -0.0023947507
   0.0039112255
   0.0061520058
   0.0032516596
   0.0028177394
  -0.0006887111
   0.0021413654
   0.0050889646
   0.0041306502
   0.0038938363
   0.0002951936
  -0.0004866251
   0.0000127744
   0.0009643615
  -0.0022843122
  -0.0046672635
  -0.0001454959
  -0.0001112458
   0.0014109603
  -0.0009511069
  -0.0083469282
  -0.0203624501
   0.0016630852
  -0.0039983266
  -0.0164296666
   0.0012983752
  -0.0033945410
  -0.0149135480
  -0.0007154692
   0.0012711277
  -0.0006839507
  -0.0082246503
  -0.0224063801
  -0.0004917721
  -0.0003483378
   0.0008288492
  -0.0025725992
  -0.0052183512
   0.0003711669
   0.0000912934
  -0.0168936242
  -0.0076337754
  -0.0239777354
  -0.0060103761
   0.0003876199
  -0.0120092131
  -0.0016948989
   0.0022064165
  -0.0077124726
  -0.0005206604
  -0.0105484647
   0.0188053838
   0.0209116163
   0.0251295579
   0.0233804560
   0.0194625424
   0.0205750813
   0.0157603321
   0.0074049993
  -0.0112640855
   0.0201407304
   0.0223535746
   0.0212029999
   0.0080302855
   0.0069156772
   0.0100472708
   0.0064615250
   0.0152310804
   0.0083552142
   0.0257850446
   0.0102270958
   0.0209919571
   0.0066814861
   0.0287247277
   0.0176022195
   0.0107066566
   0.0078005393
  -0.0028748903
  -0.0082219414
  -0.0058238514
  -0.0079110830
  -0.0134151166
  -0.0078501080
  -0.0153490664
  -0.0125746066
  -0.0165476316
  -0.0073480956
  -0.0161097362
  -0.0121677081
  -0.0105508793
  -0.0143875787
  -0.0067860292
  -0.0049826759
  -0.0102502845
  -0.0056774026
  -0.0041740271
   0.0020913831
   0.0025467274
   0.0066858924
   0.0002184184
   0.0038156098
  -0.0028714410
   0.0005499593
   0.0028956333
   0.0060849489
   0.0035896383
   0.0047233218
   0.0038386029
   0.0030564519
   0.0000161041
  -0.0015738095
  -0.0053285047
   0.0051384560
   0.0025401280
  -0.0077157105
  -0.0033319370
   0.0019230923
  -0.0130954314
  -0.0131900383
  -0.0219934516
  -0.0185364014
  -0.0217214795
  -0.0271424307
  -0.0244517004
  -0.0192915949
  -0.0275732162
  -0.0290941597
  -0.0180878785
  -0.0270150893
  -0.0289177827
  -0.0236546398
  -0.0187550615
  -0.0259225209
  -0.0245743963
  -0.0194643191
  -0.0173480159
  -0.0097524867
   0.0003666639
   0.0047348130
  -0.0017216077
  -0.0006634874
   0.0067418817
   0.0020833001
  -0.0007033595
   0.0054367386
  -0.0045204684
  -0.0028239502
  -0.0092606019
   0.0020019979
  -0.0163152789
  -0.0205937231
  -0.0274051981
  -0.0202605562
  -0.0266954653
  -0.0332612071
  -0.0326415366
  -0.0247321186
  -0.0286033907
  -0.0350369314
  -0.0362398498
  -0.0336724114
  -0.0345808537
  -0.0358094594
  -0.0330448543
  -0.0253892935
  -0.0319542461
  -0.0308989212
  -0.0187692675
  -0.0246941092
  -0.0120921106
   0.0023055818
   0.0010756109
   0.0048349518
  -0.0008977957
   0.0018729405
   0.0014684742
   0.0007175928
  -0.0057499437
   0.0054071920
  -0.0130487043
  -0.0008301421
   0.0042691194
   0.0059756817
   0.0053361321
   0.0057130922
   0.0040863986
  -0.0004193724
   0.0008027792
  -0.0034373702
  -0.0004980453
   0.0005243989
   0.0003222759
   0.0008534386
  -0.0005691180
  -0.0061065722
  -0.0204280316
   0.0000347875
  -0.0037209642
   0.0228627879
   0.0256425269
   0.0234921097
   0.0320500890
   0.0263616244
   0.0240485827
   0.0225683072
   0.0326666061
   0.0269342860
   0.0239665534
   0.0224765211
   0.0338671502
   0.0272095842
   0.0234730714
   0.0272068796
   0.0096853029
  -0.0028941275
   0.0201517590
   0.0153135724
   0.0089325391
  -0.0004482725
   0.0168947338
   0.0122409789
   0.0071892303
   0.0092323168
   0.0145868073
   0.0186995636
   0.0136296438
   0.0116407640
   0.0153650385
   0.0101149883
   0.0031885851
   0.0065843813
   0.0127415229
   0.0166274051
   0.0186637769
   0.0142373944
   0.0069776991
  -0.0056986180
   0.0096945687
  -0.0041463276
   0.0257082678
   0.0183907850
   0.0319825978
   0.0078608601
   0.0191756961
   0.0258637049
   0.0346124688
   0.0145844673
   0.0226995117
   0.0282954657
   0.0320097887
   0.0094016920
   0.0199586569
   0.0263403532
   0.0260637920
   0.0195318579
  -0.0020283716
   0.0033339541
  -0.0031650452
   0.0052427433
   0.0013321914
  -0.0091018046
   0.0030898964
  -0.0039751382
  -0.0036945538
   0.0013077115
   0.0022040926
   0.0004627765
  -0.0061724187
  -0.0019028085
   0.0027394161
   0.0029112199
  -0.0128596779
  -0.0022723464
   0.0028397006
   0.0043418617
  -0.0204797287
  -0.0049410566
   0.0022744896
  -0.0180168741
  -0.0046055994
   0.0022783700
  -0.0177971664
  -0.0084856534
  -0.0007410175
   0.0033913729
   0.0047048075
   0.0019122209
   0.0015673444
  -0.0023118684
   0.0002929506
   0.0033651142
   0.0027565236
   0.0022969935
  -0.0010732746
  -0.0015369606
  -0.0011718173
  -0.0005245005
  -0.0037965021
  -0.0059235875
  -0.0011171396
   0.0000862205
  -0.0010019837
  -0.0056495477
  -0.0147206695
  -0.0024627328
  -0.0103958914
  -0.0272831201
   0.0006072233
  -0.0023011418
  -0.0094222220
  -0.0255422991
  -0.0001909921
  -0.0009141978
  -0.0054068632
  -0.0151927232
  -0.0014678825
  -0.0014902348
  -0.0006361544
  -0.0040342302
  -0.0063414543
  -0.0003336801
  -0.0011576671
  -0.0080822870
  -0.0089970670
  -0.0020061107
  -0.0153885363
  -0.0045385996
  -0.0001507591
  -0.0108419067
  -0.0028721779
  -0.0107261382
   0.0158686335
   0.0203133709
   0.0196643508
   0.0197059565
   0.0167351515
   0.0176725824
   0.0135395571
   0.0066700941
  -0.0075759622
   0.0180394622
   0.0139972682
   0.0175485090
   0.0191861276
   0.0243647108
   0.0180339533
   0.0072362526
   0.0101490715
   0.0063472686
   0.0090939387
   0.0058075798
   0.0126381150
   0.0071620252
   0.0205899356
   0.0081031516
   0.0164598345
   0.0077610521
   0.0228701088
   0.0105568932
   0.0145293672
   0.0057712255
   0.0089965619
   0.0069716889
  -0.0012458615
  -0.0050429655
  -0.0030067981
  -0.0053084069
  -0.0085844803
  -0.0045159350
  -0.0106001157
  -0.0065615626
  -0.0100325964
  -0.0105066629
  -0.0020751765
  -0.0103636662
  -0.0104642505
  -0.0015103667
  -0.0110271647
  -0.0058842341
  -0.0072949937
  -0.0093178392
  -0.0037015879
  -0.0032561795
  -0.0064360335
  -0.0028415253
  -0.0020040027
   0.0017807618
   0.0025956858
   0.0002049829
   0.0027181637
   0.0006705350
   0.0027167933
   0.0040176703
   0.0035626599
   0.0043092560
   0.0029001975
   0.0032450746
  -0.0006687274
  -0.0011804124
  -0.0047028703
   0.0024407124
  -0.0051089841
  -0.0029491532
   0.0011629381
  -0.0097924712
  -0.0093038302
  -0.0162988694
  -0.0140937734
  -0.0150727413
  -0.0203785904
  -0.0200088347
  -0.0125017348
  -0.0207282693
  -0.0230672400
  -0.0201937413
  -0.0195270672
  -0.0232728138
  -0.0228390464
  -0.0196208054
  -0.0225948017
  -0.0205896318
  -0.0114804720
  -0.0187400807
  -0.0194681748
  -0.0151242023
  -0.0138025250
  -0.0128210280
  -0.0068315472
  -0.0003063413
   0.0027599430
  -0.0013518512
   0.0043105857
   0.0011612690
  -0.0016994735
   0.0030580608
  -0.0043132142
  -0.0029564669
  -0.0070876509
   0.0006041838
  -0.0128147594
  -0.0159282127
  -0.0211873346
  -0.0156773209
  -0.0247717189
  -0.0266637310
  -0.0238353979
  -0.0265512481
  -0.0294401596
  -0.0288868033
  -0.0246317016
  -0.0281229178
  -0.0302085268
  -0.0296456042
  -0.0262004323
  -0.0257952329
  -0.0287639972
  -0.0280408334
  -0.0232147396
  -0.0235103080
  -0.0250971542
  -0.0213405574
  -0.0143276203
  -0.0186720590
   0.0013904390
   0.0007759077
   0.0031670852
   0.0012985038
   0.0009519833
   0.0002486030
  -0.0039584328
   0.0034179758
  -0.0070193662
   0.0004257748
   0.0035187733
   0.0043442293
   0.0008848032
   0.0036517052
   0.0044732864
   0.0039837453
   0.0035789664
   0.0026906434
  -0.0005759278
   0.0003542221
  -0.0033286151
  -0.0107765739
  -0.0049429343
  -0.0011756850
  -0.0004974706
  -0.0003526737
  -0.0009012553
  -0.0039817553
  -0.0118073546
  -0.0005123142
  -0.0008113766
  -0.0017707259
  -0.0063538015
  -0.0036445652
   0.0207460403
   0.0270334478
   0.0229995838
   0.0211987928
   0.0199509454
   0.0276436261
   0.0234732212
   0.0213865324
   0.0200263946
   0.0282132425
   0.0237777848
   0.0212286104
   0.0288406933
   0.0238929120
   0.0209622241
   0.0236872240
  -0.0028936571
   0.0152750045
   0.0093675859
   0.0009779584
   0.0172452187
   0.0131024471
   0.0077908781
   0.0007901218
  -0.0046178537
   0.0145371697
   0.0104216253
   0.0064302041
   0.0080407640
   0.0126166856
   0.0160730247
   0.0116587600
   0.0096482852
   0.0128944922
   0.0083036718
   0.0029606306
   0.0055337784
   0.0107431724
   0.0140408919
   0.0157330889
   0.0118253684
   0.0056922511
  -0.0039005491
   0.0146112875
   0.0086768779
  -0.0009383000
   0.0270172102
   0.0157660124
   0.0217567936
   0.0304036874
   0.0134867791
   0.0199280369
   0.0247647210
   0.0303494592
   0.0138720645
   0.0201705838
   0.0249053486
   0.0270519409
   0.0166047789
   0.0222417467
   0.0219447553
   0.0163852813
   0.0021340101
  -0.0031006201
   0.0031889800
  -0.0007997396
   0.0030981082
  -0.0010014581
   0.0017299088
  -0.0040689888
  -0.0034028871
   0.0002462605
   0.0013539004
  -0.0003904484
  -0.0053646289
  -0.0024424250
   0.0013704495
   0.0018629889
  -0.0107364809
  -0.0027659338
   0.0014910365
   0.0029026635
   0.0020653574
  -0.0102389720
  -0.0019791497
   0.0022155423
  -0.0129133829
  -0.0083265079
  -0.0013617391
   0.0025255990
  -0.0123312462
  -0.0068236559
  -0.0011682166
   0.0021452343
   0.0032143452
   0.0012174141
   0.0007479349
  -0.0022102286
  -0.0004433525
   0.0020742547
   0.0018538151
   0.0012494976
  -0.0019037819
  -0.0019355429
  -0.0017666608
  -0.0015236739
  -0.0040882521
  -0.0053939700
  -0.0018150454
  -0.0009593201
  -0.0018454910
  -0.0054598338
  -0.0118228325
  -0.0017681535
  -0.0059790753
  -0.0142354104
  -0.0067898589
  -0.0176466968
  -0.0005373350
  -0.0017561678
  -0.0055723447
  -0.0136084852
  -0.0011741991
  -0.0018190003
  -0.0053864612
  -0.0123443682
  -0.0018076216
  -0.0019919909
  -0.0016171366
  -0.0042624498
  -0.0055577937
  -0.0010813593
  -0.0018979821
  -0.0075494181
  -0.0087639780
  -0.0029715746
  -0.0164837908
  -0.0064274307
  -0.0019017368
  -0.0177952977
  -0.0069679125
  -0.0022017649
  -0.0107085293
  -0.0038877215
  -0.0097731117
