#! FIELDS phi psi file.free der_phi der_psi
#! SET min_phi -pi
#! SET max_phi pi
#! SET nbins_phi  33
#! SET periodic_phi true
#! SET min_psi -pi
#! SET max_psi pi
#! SET nbins_psi  18
#! SET periodic_psi true
   -3.141592654   -3.141592654 -109.895957321  -54.115306853   17.358602346
   -2.951193099   -3.141592654 -118.438554595  -35.013717930   19.766499711
   -2.760793544   -3.141592654 -123.113116224  -14.450757827   21.182543283
   -2.570393989   -3.141592654 -124.178659009    2.174320799   21.770604864
   -2.379994435   -3.141592654 -122.734898329   11.660963558   21.996573670
   -2.189594880   -3.141592654 -120.192012913   13.979377940   22.504975155
   -1.999195325   -3.141592654 -117.688994610   11.886065194   23.880909789
   -1.808795770   -3.141592654 -115.681608754    9.466597450   26.361635819
   -1.618396215   -3.141592654 -113.859353315   10.446996415   29.660595980
   -1.427996661   -3.141592654 -111.359808042   16.676734551   33.011955989
   -1.237597106   -3.141592654 -107.209787472   27.398630461   35.445204798
   -1.047197551   -3.141592654 -100.811778247   39.635182374   36.151275642
   -0.856797996   -3.141592654  -92.267964060   49.216451687   34.728546370
   -0.666398442   -3.141592654  -82.455609960   52.364010981   31.223763832
   -0.475998887   -3.141592654  -72.837811002   47.064408645   26.002538090
   -0.285599332   -3.141592654  -65.056080943   33.268845851   19.578412937
   -0.095199777   -3.141592654  -60.563531203   12.989946605   12.489431191
    0.095199777   -3.141592654  -60.269658522  -10.080341894    5.275697146
    0.285599332   -3.141592654  -64.245833224  -30.967203631   -1.525824400
    0.475998887   -3.141592654  -71.548613373  -44.119432125   -7.369789982
    0.666398442   -3.141592654  -80.244484965  -45.014347408  -11.751823360
    0.856797996   -3.141592654  -87.795552978  -32.251917975  -14.308459419
    1.047197551   -3.141592654  -91.826594484   -8.952459888  -14.949116148
    1.237597106   -3.141592654  -90.980274485   17.559990572  -13.927252532
    1.427996661   -3.141592654  -85.487476985   38.456693136  -11.765690516
    1.618396215   -3.141592654  -77.131086725   46.830454619   -9.054932412
    1.808795770   -3.141592654  -68.612486507   40.174384592   -6.215426046
    1.999195325   -3.141592654  -62.651261542   20.672670898   -3.375840676
    2.189594880   -3.141592654  -61.206783918   -6.178096139   -0.419108896
    2.379994435   -3.141592654  -65.040057556  -33.637109955    2.836612913
    2.570393989   -3.141592654  -73.647748009  -55.396831881    6.466182828
    2.760793544   -3.141592654  -85.471787448  -66.866913294   10.329466254
    2.951193099   -3.141592654  -98.317613777  -66.046444802   14.097199753

   -3.141592654   -2.792526803 -102.058773302  -49.764879967   26.114371874
   -2.951193099   -2.792526803 -109.981971998  -32.879778940   28.289380231
   -2.760793544   -2.792526803 -114.446453477  -14.292684800   29.165254405
   -2.570393989   -2.792526803 -115.610829415    1.150020180   29.095021551
   -2.379994435   -2.792526803 -114.381611931   10.647585120   28.689552256
   -2.189594880   -2.792526803 -111.928402632   14.246481899   28.629233560
   -1.999195325   -2.792526803 -109.176015410   14.330234342   29.427917683
   -1.808795770   -2.792526803 -106.481578215   14.171786753   31.201080084
   -1.618396215   -2.792526803 -103.615099780   16.475350829   33.555334529
   -1.427996661   -2.792526803  -99.978598798   22.259577211   35.659350733
   -1.237597106   -2.792526803  -94.971890316   30.506388529   36.523470768
   -1.047197551   -2.792526803  -88.352804998   38.662816589   35.368723895
   -0.856797996   -2.792526803  -80.445536083   43.490157406   31.895325631
   -0.666398442   -2.792526803  -72.155398688   42.252056562   26.341618403
   -0.475998887   -2.792526803  -64.792301253   33.751582909   19.336743050
   -0.285599332   -2.792526803  -59.723633076   18.375260271   11.662157148
   -0.095199777   -2.792526803  -58.082467726   -1.782400072    4.062829234
    0.095199777   -2.792526803  -60.468233346  -23.225645007   -2.824337580
    0.285599332   -2.792526803  -66.696697933  -41.313980005   -8.494165874
    0.475998887   -2.792526803  -75.640530550  -50.921256839  -12.558378036
    0.666398442   -2.792526803  -85.269514588  -48.007186583  -14.787715277
    0.856797996   -2.792526803  -93.046254357  -31.701765549  -15.174314341
    1.047197551   -2.792526803  -96.695075758   -5.633670689  -13.972339636
    1.237597106   -2.792526803  -95.039930920   22.564920835  -11.657381379
    1.427996661   -2.792526803  -88.520432122   44.097732565   -8.769774780
    1.618396215   -2.792526803  -79.086803468   52.453704577   -5.713925843
    1.808795770   -2.792526803  -69.511028627   45.692108294   -2.618302989
    1.999195325   -2.792526803  -62.484146734   26.430490073    0.650818525
    2.189594880   -2.792526803  -59.885360071    0.240077437    4.341977088
    2.379994435   -2.792526803  -62.418607773  -26.417050875    8.605600616
    2.570393989   -2.792526803  -69.597569734  -47.712322787   13.352034154
    2.760793544   -2.792526803  -79.969441605  -59.454600674   18.212240732
    2.951193099   -2.792526803  -91.499598938  -59.798970466   22.645301382

   -3.141592654   -2.443460953  -93.171202525  -45.084885555   23.505574275
   -2.951193099   -2.443460953 -100.424886307  -30.527809724   25.243729280
   -2.760793544   -2.443460953 -104.639916338  -13.918763261   25.843836780
   -2.570393989   -2.443460953 -105.856203488    0.404103727   25.648318583
   -2.379994435   -2.443460953 -104.789215995    9.870266135   25.163566983
   -2.189594880   -2.443460953 -102.408402620   14.392830336   24.879375637
   -1.999195325   -2.443460953  -99.498364201   15.858486167   25.092277802
   -1.808795770   -2.443460953  -96.398431120   16.789506094   25.768617835
   -1.618396215   -2.443460953  -93.010207584   19.106833219   26.516987163
   -1.427996661   -2.443460953  -88.995963939   23.322962305   26.678312596
   -1.237597106   -2.443460953  -84.062427292   28.470152335   25.555476443
   -1.047197551   -2.443460953  -78.206115038   32.630092373   22.690478972
   -0.856797996   -2.443460953  -71.828782451   33.567214997   18.054966614
   -0.666398442   -2.443460953  -65.721519933   29.498318483   12.067126275
   -0.475998887   -2.443460953  -60.931688671   19.776807412    5.434487500
   -0.285599332   -2.443460953  -58.505705453    4.860130934   -1.084715475
   -0.095199777   -2.443460953  -59.281510725  -13.449761044   -6.865608457
    0.095199777   -2.443460953  -63.636229924  -32.120377465  -11.482578906
    0.285599332   -2.443460953  -71.253962095  -46.958316715  -14.709049021
    0.475998887   -2.443460953  -80.954578873  -53.236440934  -16.461206863
    0.666398442   -2.443460953  -90.727436279  -47.274259708  -16.785241738
    0.856797996   -2.443460953  -98.122610463  -28.539430776  -15.858944514
    1.047197551   -2.443460953 -101.008492872   -0.921892863  -13.978358997
    1.237597106   -2.443460953  -98.383573632   27.911499448  -11.510081809
    1.427996661   -2.443460953  -90.842021341   49.418925877   -8.779591574
    1.618396215   -2.443460953  -80.417362233   57.558481705   -5.961674138
    1.808795770   -2.443460953  -69.870941675   50.859313649   -3.037234307
    1.999195325   -2.443460953  -61.812946865   32.180449838    0.149922749
    2.189594880   -2.443460953  -58.027419675    6.988831359    3.771083136
    2.379994435   -2.443460953  -59.173285325  -18.634854352    7.872625285
    2.570393989   -2.443460953  -64.805226468  -39.371291202   12.301293074
    2.760793544   -2.443460953  -73.601405496  -51.419376734   16.694677463
    2.951193099   -2.443460953  -83.708377065  -53.061222063   20.578121601

   -3.141592654   -2.094395102  -86.834347739  -41.277422622   13.986293996
   -2.951193099   -2.094395102  -93.516538255  -28.329652442   15.020140578
   -2.760793544   -2.094395102  -97.449554373  -13.085555687   15.397072213
   -2.570393989   -2.094395102  -98.595846759    0.407581899   15.344319495
   -2.379994435   -2.094395102  -97.559470954    9.632336378   15.106003433
   -2.189594880   -2.094395102  -95.214629994   14.286895051   14.831486015
   -1.999195325   -2.094395102  -92.311696372   15.842447997   14.514755307
   -1.808795770   -2.094395102  -89.244124952   16.347341170   13.985331662
   -1.618396215   -2.094395102  -86.048948624   17.360190432   12.964073026
   -1.427996661   -2.094395102  -82.568051182   19.331525774   11.144696994
   -1.237597106   -2.094395102  -78.659859851   21.654867609    8.318793272
   -1.047197551   -2.094395102  -74.367875060   23.114150098    4.492602588
   -0.856797996   -2.094395102  -69.992264673   22.275905455   -0.062791825
   -0.666398442   -2.094395102  -66.090226795   17.902286183   -4.865063350
   -0.475998887   -2.094395102  -63.415900835    9.391328665   -9.364414186
   -0.285599332   -2.094395102  -62.759716363   -3.206684605  -13.115033998
   -0.095199777   -2.094395102  -64.808560820  -18.719577440  -15.878465291
    0.095199777   -2.094395102  -69.905477810  -34.697349818  -17.623796435
    0.285599332   -2.094395102  -77.791571169  -47.275582926  -18.469257717
    0.475998887   -2.094395102  -87.380243501  -51.820738461  -18.572575187
    0.666398442   -2.094395102  -96.756868577  -44.596742942  -18.071444456
    0.856797996   -2.094395102 -103.554894754  -24.992697010  -17.060265462
    1.047197551   -2.094395102 -105.711999299    3.144586507  -15.595444993
    1.237597106   -2.094395102 -102.286319289   32.221606721  -13.727098462
    1.427996661   -2.094395102  -93.913280705   53.829800051  -11.504422100
    1.618396215   -2.094395102  -82.638029578   62.096329448   -8.968807916
    1.808795770   -2.094395102  -71.202373407   55.688679823   -6.155597970
    1.999195325   -2.094395102  -62.180081017   37.500550655   -3.103794238
    2.189594880   -2.094395102  -57.323809147   12.905909568    0.131127930
    2.379994435   -2.094395102  -57.290425765  -12.206503785    3.452649417
    2.570393989   -2.094395102  -61.674040389  -32.769717879    6.714362793
    2.760793544   -2.094395102  -69.237752718  -45.182795064    9.706997225
    2.951193099   -2.094395102  -78.239596092  -47.806157633   12.197583629

   -3.141592654   -1.745329252  -84.404311733  -39.427056771    4.905191855
   -2.951193099   -1.745329252  -90.811513097  -27.281380116    5.585935741
   -2.760793544   -1.745329252  -94.610707363  -12.704663417    6.007835803
   -2.570393989   -1.745329252  -95.735536410    0.265485993    6.180423234
   -2.379994435   -1.745329252  -94.772932489    8.983735760    6.043689954
   -2.189594880   -1.745329252  -92.612654108   12.953201474    5.453546012
   -1.999195325   -1.745329252  -90.054746511   13.489635520    4.227084564
   -1.808795770   -1.745329252  -87.561499133   12.616152356    2.218587558
   -1.618396215   -1.745329252  -85.228774192   12.009790252   -0.599676538
   -1.427996661   -1.745329252  -82.922028650   12.381784900   -4.108092001
   -1.237597106   -1.745329252  -80.461160079   13.506657863   -8.040544275
   -1.047197551   -1.745329252  -77.774832757   14.566056903  -12.017529664
   -0.856797996   -1.745329252  -74.980460621   14.408113222  -15.604105194
   -0.666398442   -1.745329252  -72.424724188   11.792916664  -18.392067298
   -0.475998887   -1.745329252  -70.685110301    5.763152335  -20.096608656
   -0.285599332   -1.745329252  -70.467565864   -4.213126336  -20.648873838
   -0.095199777   -1.745329252  -72.490839481  -17.557337134  -20.226656509
    0.095199777   -1.745329252  -77.225428521  -32.210324125  -19.202616379
    0.285599332   -1.745329252  -84.585941896  -44.372885179  -18.026636972
    0.475998887   -1.745329252  -93.640161367  -49.186795982  -17.048660164
    0.666398442   -1.745329252 -102.565651164  -42.503888654  -16.402305322
    0.856797996   -1.745329252 -109.007944206  -23.292353626  -15.974044867
    1.047197551   -1.745329252 -110.847512510    4.861352385  -15.472940202
    1.237597106   -1.745329252 -107.054892177   34.420232647  -14.586713217
    1.427996661   -1.745329252  -98.188499954   56.836983226  -13.115891668
    1.618396215   -1.745329252  -86.255784355   65.968294494  -11.047129655
    1.808795770   -1.745329252  -74.014186084   60.221980655   -8.543292694
    1.999195325   -1.745329252  -64.092812830   42.339012013   -5.868887563
    2.189594880   -1.745329252  -58.313713208   17.694775394   -3.281900434
    2.379994435   -1.745329252  -57.393545328   -7.720276821   -0.961708801
    2.570393989   -1.745329252  -60.965341712  -28.754545547    1.016535839
    2.760793544   -1.745329252  -67.819975522  -41.772453205    2.643519836
    2.951193099   -1.745329252  -76.239693897  -45.138993469    3.936697185

   -3.141592654   -1.396263402  -86.012264879  -39.092215033    1.856129618
   -2.951193099   -1.396263402  -92.331315800  -26.689767512    1.849550146
   -2.760793544   -1.396263402  -95.996916021  -11.934396048    1.685475323
   -2.570393989   -1.396263402  -96.981291428    0.888486412    1.323754225
   -2.379994435   -1.396263402  -95.956316355    8.905261879    0.611617549
   -2.189594880   -1.396263402  -93.930835387   11.507583935   -0.702987892
   -1.999195325   -1.396263402  -91.825429469   10.109094062   -2.869210683
   -1.808795770   -1.396263402  -90.181036358    7.085307613   -5.992225671
   -1.618396215   -1.396263402  -89.085902063    4.639550594   -9.919433960
   -1.427996661   -1.396263402  -88.292304844    4.042067481  -14.237103501
   -1.237597106   -1.396263402  -87.411270617    5.483856639  -18.365091584
   -1.047197551   -1.396263402  -86.111431205    8.248283423  -21.705858532
   -0.856797996   -1.396263402  -84.264039733   10.927547780  -23.784708367
   -0.666398442   -1.396263402  -82.050009431   11.720288272  -24.344865512
   -0.475998887   -1.396263402  -80.006443454    8.938396592  -23.392921039
   -0.285599332   -1.396263402  -78.938484803    1.349841932  -21.211565383
   -0.095199777   -1.396263402  -79.781525502  -10.978016489  -18.315557295
    0.095199777   -1.396263402  -83.289905587  -26.164189408  -15.343009563
    0.285599332   -1.396263402  -89.658217174  -40.166656283  -12.890559934
    0.475998887   -1.396263402  -98.147107595  -47.493777726  -11.318995253
    0.666398442   -1.396263402 -106.980257718  -43.125513921  -10.644599602
    0.856797996   -1.396263402 -113.686844148  -25.233917000  -10.560646977
    1.047197551   -1.396263402 -115.911755514    2.981564318  -10.579394490
    1.237597106   -1.396263402 -112.368026399   33.835692889  -10.250457761
    1.427996661   -1.396263402 -103.432437699   58.170250359   -9.321382792
    1.618396215   -1.396263402  -91.069481213   69.053201317   -7.792633881
    1.808795770   -1.396263402  -78.132083852   64.273164100   -5.871582077
    1.999195325   -1.396263402  -67.426454003   46.358201048   -3.860745270
    2.189594880   -1.396263402  -60.949666107   20.897730325   -2.032599254
    2.379994435   -1.396263402  -59.526571182   -5.655703579   -0.553305356
    2.570393989   -1.396263402  -62.807077976  -27.706437248    0.531351055
    2.760793544   -1.396263402  -69.529804934  -41.354756664    1.254411520
    2.951193099   -1.396263402  -77.895004827  -44.929619453    1.678407733

   -3.141592654   -1.047197551  -88.741197400  -40.815198858    3.212945070
   -2.951193099   -1.047197551  -95.361383954  -28.096052455    2.271052427
   -2.760793544   -1.047197551  -99.255127033  -12.939462892    1.187345164
   -2.570393989   -1.047197551 -100.409332953    0.033449290   -0.035007323
   -2.379994435   -1.047197551  -99.578116758    7.600210144   -1.546298527
   -2.189594880   -1.047197551  -97.904380223    8.996958367   -3.631645423
   -1.999195325   -1.047197551  -96.439683201    5.834606616   -6.565723927
   -1.808795770   -1.047197551  -95.782340029    1.050861514  -10.410052759
   -1.618396215   -1.047197551  -95.951679313   -2.432098147  -14.861722313
   -1.427996661   -1.047197551  -96.502864095   -2.767310821  -19.277139936
   -1.237597106   -1.047197551  -96.774207484    0.424599290  -22.864535167
   -1.047197551   -1.047197551  -96.171665979    6.138814068  -24.947123861
   -0.856797996   -1.047197551  -94.394844273   12.321614867  -25.170208255
   -0.666398442   -1.047197551  -91.592848464   16.397828634  -23.571577810
   -0.475998887   -1.047197551  -88.414057777   15.981074600  -20.530817618
   -0.285599332   -1.047197551  -85.887260613    9.372482904  -16.665729209
   -0.095199777   -1.047197551  -85.231271380   -3.506573634  -12.678635025
    0.095199777   -1.047197551  -87.477243772  -20.560020292   -9.205276283
    0.285599332   -1.047197551  -93.021860185  -37.181259245   -6.661846131
    0.475998887   -1.047197551 -101.196066538  -47.101836777   -5.142083585
    0.666398442   -1.047197551 -110.144236373  -44.555484017   -4.430368355
    0.856797996   -1.047197551 -117.200107471  -27.266627428   -4.128492441
    1.047197551   -1.047197551 -119.770863323    1.542532417   -3.821288996
    1.237597106   -1.047197551 -116.376884319   33.763790417   -3.228355781
    1.427996661   -1.047197551 -107.306291622   59.619443143   -2.258253091
    1.618396215   -1.047197551  -94.551686888   71.603261047   -0.977220866
    1.808795770   -1.047197551  -81.081607088   67.173961255    0.453392648
    1.999195325   -1.047197551  -69.852225038   48.839070792    1.840113594
    2.189594880   -1.047197551  -62.987900917   22.422562731    3.011541057
    2.379994435   -1.047197551  -61.383383247   -5.278102733    3.847325098
    2.570393989   -1.047197551  -64.694569219  -28.362050339    4.281519129
    2.760793544   -1.047197551  -71.618193084  -42.743738242    4.298887306
    2.951193099   -1.047197551  -80.287512756  -46.678739339    3.923231423

   -3.141592654   -0.698131701  -89.371360900  -44.189710482    3.619449809
   -2.951193099   -0.698131701  -96.634735381  -31.424026384    1.394673988
   -2.760793544   -0.698131701 -101.140564936  -16.033850577   -0.957924875
   -2.570393989   -0.698131701 -102.871777760   -2.991863605   -3.290758140
   -2.379994435   -0.698131701 -102.649095720    4.125486580   -5.655321122
   -2.189594880   -0.698131701 -101.730955475    4.444551534   -8.296547382
   -1.999195325   -0.698131701 -101.265851972   -0.113260554  -11.470067034
   -1.808795770   -0.698131701 -101.849628178   -5.903086403  -15.180940996
   -1.618396215   -0.698131701 -103.352142122   -9.235931611  -19.014104290
   -1.427996661   -0.698131701 -105.060098876   -7.847973323  -22.204595132
   -1.237597106   -0.698131701 -106.021164108   -1.556545788  -23.935420471
   -1.047197551   -0.698131701 -105.443027820    7.891595566  -23.693390688
   -0.856797996   -0.698131701 -102.994072030   17.502334433  -21.484316954
   -0.666398442   -0.698131701  -98.960952030   23.921848137  -17.802473975
   -0.475998887   -0.698131701  -94.243705211   24.347434274  -13.413862918
   -0.285599332   -0.698131701  -90.164477375   17.075899904   -9.097478424
   -0.095199777   -0.698131701  -88.202689170    2.346018034   -5.413492610
    0.095199777   -0.698131701  -89.563877673  -17.166210886   -2.594931578
    0.285599332   -0.698131701  -94.693881000  -36.140878496   -0.541026491
    0.475998887   -0.698131701 -102.838321835  -47.660106290    1.063617426
    0.666398442   -0.698131701 -111.955553745  -45.590738914    2.553291723
    0.856797996   -0.698131701 -119.164485686  -27.703068472    4.090430339
    1.047197551   -0.698131701 -121.704177249    2.350622599    5.611496200
    1.237597106   -0.698131701 -118.026853991   35.883800134    6.911080554
    1.427996661   -0.698131701 -108.456114714   62.650194292    7.807770632
    1.618396215   -0.698131701  -95.086429317   74.919415934    8.269772634
    1.808795770   -0.698131701  -81.007085806   70.160064065    8.410849514
    1.999195325   -0.698131701  -69.279225538   51.025044384    8.388094843
    2.189594880   -0.698131701  -62.099133572   23.522699662    8.294143437
    2.379994435   -0.698131701  -60.399451726   -5.386109082    8.102699914
    2.570393989   -0.698131701  -63.845841915  -29.651491337    7.676039602
    2.760793544   -0.698131701  -71.116395547  -45.056088276    6.844615509
    2.951193099   -0.698131701  -80.300557924  -49.720246425    5.489441040

   -3.141592654   -0.349065850  -88.467157519  -49.422151441    3.502071819
   -2.951193099   -0.349065850  -96.775022693  -37.050476957    0.318493541
   -2.760793544   -0.349065850 -102.344899986  -21.503847321   -2.859771133
   -2.570393989   -0.349065850 -105.081435009   -8.076381281   -5.819126616
   -2.379994435   -0.349065850 -105.804415157   -0.789213505   -8.577261605
   -2.189594880   -0.349065850 -105.841277615   -0.738213288  -11.351963768
   -1.999195325   -0.349065850 -106.408327369   -5.750657386  -14.341257295
   -1.808795770   -0.349065850 -108.075283194  -11.488964197  -17.442319598
   -1.618396215   -0.349065850 -110.543630016  -13.544843770  -20.117838941
   -1.427996661   -0.349065850 -112.832276658   -9.409146943  -21.553131984
   -1.237597106   -0.349065850 -113.745248609    0.598861802  -21.054160288
   -1.047197551   -0.349065850 -112.400452015   13.676217356  -18.443451015
   -0.856797996   -0.349065850 -108.591285581   25.735106360  -14.204880681
   -0.666398442   -0.349065850 -102.900079382   32.787066180   -9.284260467
   -0.475998887   -0.349065850  -96.578915388   32.061231763   -4.689432025
   -0.285599332   -0.349065850  -91.238579404   22.483544597   -1.118363238
   -0.095199777   -0.349065850  -88.492960076    5.204831452    1.261247000
    0.095199777   -0.349065850  -89.505862285  -16.199224469    2.779992710
    0.285599332   -0.349065850  -94.537014262  -35.846390745    4.068339796
    0.475998887   -0.349065850 -102.587898068  -46.793333980    5.735482224
    0.666398442   -0.349065850 -111.420699593  -43.429378679    8.069248282
    0.856797996   -0.349065850 -118.092108310  -24.315818856   10.877658695
    1.047197551   -0.349065850 -119.923835943    6.230358810   13.597608554
    1.237597106   -0.349065850 -115.535579501   39.318880875   15.594668501
    1.427996661   -0.349065850 -105.407587500   65.001824020   16.483813285
    1.618396215   -0.349065850  -91.706353244   76.075169661   16.291069689
    1.808795770   -0.349065850  -77.499483408   70.412140304   15.369416425
    1.999195325   -0.349065850  -65.778871131   50.753656484   14.156022306
    2.189594880   -0.349065850  -58.683852434   22.911394509   12.941450211
    2.379994435   -0.349065850  -57.140926048   -6.467854534   11.762689701
    2.570393989   -0.349065850  -60.864708655  -31.543463652   10.431616202
    2.760793544   -0.349065850  -68.600994918  -48.098603696    8.691586017
    2.951193099   -0.349065850  -78.483357996  -53.998953752    6.371185931

   -3.141592654    0.000000000  -87.201156877  -55.122343986    2.702756060
   -2.951193099    0.000000000  -96.632647148  -43.035851668   -0.492726756
   -2.760793544    0.000000000 -103.326052197  -27.237828152   -3.530354857
   -2.570393989    0.000000000 -107.109958579  -13.333701463   -6.235605138
   -2.379994435    0.000000000 -108.799622499   -5.733923577   -8.641370480
   -2.189594880    0.000000000 -109.772928930   -5.662309372  -10.933036215
   -1.999195325    0.000000000 -111.277055193  -10.603367854  -13.239343060
   -1.808795770    0.000000000 -113.807828716  -15.520144311  -15.386060496
   -1.618396215    0.000000000 -116.862946107  -15.430714715  -16.824370793
   -1.427996661    0.000000000 -119.201673225   -7.883448421  -16.836281139
   -1.237597106    0.000000000 -119.458066760    5.936798480  -14.949187165
   -1.047197551    0.000000000 -116.794113055   21.939922059  -11.289357291
   -0.856797996    0.000000000 -111.280522068   35.004830028   -6.623090002
   -0.666398442    0.000000000 -103.903160059   40.898529824   -2.033907690
   -0.475998887    0.000000000  -96.277056716   37.480601103    1.562118986
   -0.285599332    0.000000000  -90.198232120   24.866077439    3.785410787
   -0.095199777    0.000000000  -87.227407694    5.410152472    4.913511206
    0.095199777    0.000000000  -88.279948424  -16.516010887    5.691787244
    0.285599332    0.000000000  -93.279522111  -34.942871348    6.986718703
    0.475998887    0.000000000 -100.947621430  -43.584189176    9.380810559
    0.666398442    0.000000000 -108.943844685  -37.981473935   12.891071130
    0.856797996    0.000000000 -114.449844023  -17.810808829   16.916357727
    1.047197551    0.000000000 -115.078273308   12.062752665   20.497381732
    1.237597106    0.000000000 -109.765551395   43.015795598   22.751007500
    1.427996661    0.000000000  -99.190936110   65.994455700   23.247430231
    1.618396215    0.000000000  -85.531294415   74.790942418   22.141896199
    1.808795770    0.000000000  -71.707917723   67.855326179   20.011514303
    1.999195325    0.000000000  -60.515207849   47.901315310   17.520102413
    2.189594880    0.000000000  -53.947477648   20.263242479   15.123833449
    2.379994435    0.000000000  -52.892915048   -9.011946191   12.945267918
    2.570393989    0.000000000  -57.127748373  -34.459853645   10.819190776
    2.760793544    0.000000000  -65.496498785  -51.893477302    8.485414815
    2.951193099    0.000000000  -76.204042735  -58.865025207    5.768851245

   -3.141592654    0.349065850  -85.357206205  -60.118266729    1.776981447
   -2.951193099    0.349065850  -95.762501545  -48.171759595   -0.477132796
   -2.760793544    0.349065850 -103.412799125  -32.076668080   -2.447997465
   -2.570393989    0.349065850 -108.069927546  -17.644123562   -4.116459405
   -2.379994435    0.349065850 -110.533839019   -9.577504769   -5.591631784
   -2.189594880    0.349065850 -112.208748556   -9.201472572   -7.033411023
   -1.999195325    0.349065850 -114.353348315  -13.725455899   -8.496799479
   -1.808795770    0.349065850 -117.392191725  -17.579315139   -9.776248109
   -1.618396215    0.349065850 -120.658230789  -15.407877469  -10.409940346
   -1.427996661    0.349065850 -122.725945897   -4.979690691   -9.885234665
   -1.237597106    0.349065850 -122.154318471   11.619380920   -7.972316869
   -1.047197551    0.349065850 -118.233305488   29.171771862   -4.954264563
   -0.856797996    0.349065850 -111.345846994   41.869919015   -1.562699662
   -0.666398442    0.349065850 -102.839500545   45.670736142    1.373467058
   -0.475998887    0.349065850  -94.571947185   39.424326632    3.348009432
   -0.285599332    0.349065850  -88.355821098   24.558825714    4.417373179
   -0.095199777    0.349065850  -85.534870946    4.461938971    5.165769362
    0.095199777    0.349065850  -86.670873089  -16.127354030    6.407630241
    0.285599332    0.349065850  -91.340330107  -31.687876112    8.815577443
    0.475998887    0.349065850  -98.072083262  -37.050420014   12.588781960
    0.666398442    0.349065850 -104.578313153  -29.148235679   17.313828975
    0.856797996    0.349065850 -108.338525576   -8.714745430   22.061941937
    1.047197551    0.349065850 -107.393241941   19.142594200   25.734770563
    1.237597106    0.349065850 -101.061096086   46.479333722   27.500458152
    1.427996661    0.349065850  -90.209771009   65.502755711   27.098860591
    1.618396215    0.349065850  -76.958735439   71.221262456   24.883381205
    1.808795770    0.349065850  -63.989782141   62.719311640   21.594804512
    1.999195325    0.349065850  -53.807764305   42.616935551   18.009984644
    2.189594880    0.349065850  -48.190276834   15.641207300   14.658435155
    2.379994435    0.349065850  -47.941780365  -12.905387687   11.724728695
    2.570393989    0.349065850  -52.880960951  -38.061998845    9.114404440
    2.760793544    0.349065850  -61.953579630  -55.768191116    6.643365063
    2.951193099    0.349065850  -73.454091517  -63.333865520    4.189771697

   -3.141592654    0.698131701  -83.641674746  -62.973031299    0.391460364
   -2.951193099    0.698131701  -94.566078332  -50.739030013   -0.355476896
   -2.760793544    0.698131701 -102.676053557  -34.328897226   -0.726503897
   -2.570393989    0.698131701 -107.739270138  -19.671495213   -0.897169357
   -2.379994435    0.698131701 -110.581523095  -11.542486050   -1.064552008
   -2.189594880    0.698131701 -112.633867431  -11.198287691   -1.377783034
   -1.999195325    0.698131701 -115.152298151  -15.597197542   -1.874299667
   -1.808795770    0.698131701 -118.500318712  -18.850956077   -2.433680711
   -1.618396215    0.698131701 -121.902182920  -15.464037525   -2.814643591
   -1.427996661    0.698131701 -123.832337098   -3.460555816   -2.768942594
   -1.237597106    0.698131701 -122.837503504   14.438210370   -2.198706496
   -1.047197551    0.698131701 -118.324724008   32.372368499   -1.239870387
   -0.856797996    0.698131701 -110.881741277   44.333061742   -0.181790958
   -0.666398442    0.698131701 -102.037165471   46.717135261    0.743005981
   -0.475998887    0.698131701  -93.695696964   39.265707432    1.557967136
   -0.285599332    0.698131701  -87.542691803   24.290637362    2.593668631
   -0.095199777    0.698131701  -84.663712014    5.589800497    4.363658034
    0.095199777    0.698131701  -85.346485946  -12.336427674    7.303786018
    0.285599332    0.698131701  -88.997280613  -24.796744547   11.531185342
    0.475998887    0.698131701  -94.167564645  -27.747820968   16.690979956
    0.666398442    0.698131701  -98.801393868  -19.135000079   21.990620614
    0.856797996    0.698131701 -100.757962005   -0.152601375   26.410172588
    1.047197551    0.698131701  -98.473193099   24.407440444   29.042435823
    1.237597106    0.698131701  -91.532868919   47.564318560   29.414534099
    1.427996661    0.698131701  -80.856551714   62.734619194   27.622793617
    1.618396215    0.698131701  -68.403919153   65.864494117   24.238219466
    1.808795770    0.698131701  -56.575135618   56.355151369   20.041608801
    1.999195325    0.698131701  -47.593836090   36.529895402   15.743044877
    2.189594880    0.698131701  -43.051722009   10.482451124   11.803681545
    2.379994435    0.698131701  -43.690563730  -17.107116179    8.423742505
    2.570393989    0.698131701  -49.361792161  -41.611356093    5.620828581
    2.760793544    0.698131701  -59.075426740  -58.993742334    3.359500379
    2.951193099    0.698131701  -71.173983291  -66.384216810    1.616469746

   -3.141592654    1.047197551  -84.788885889  -64.017717327   -4.467586414
   -2.951193099    1.047197551  -95.813255380  -50.768389824   -3.691754361
   -2.760793544    1.047197551 -103.857121735  -33.658207986   -2.485335478
   -2.570393989    1.047197551 -108.756727542  -18.679891886   -1.177338568
   -2.379994435    1.047197551 -111.407793934  -10.565770484   -0.019297231
   -2.189594880    1.047197551 -113.294767467  -10.462769766    0.855194926
   -1.999195325    1.047197551 -115.705158711  -15.202080404    1.395504258
   -1.808795770    1.047197551 -119.010926560  -18.796136897    1.589314072
   -1.618396215    1.047197551 -122.430554055  -15.696121106    1.434892037
   -1.427996661    1.047197551 -124.428237048   -3.935915128    0.961640946
   -1.237597106    1.047197551 -123.546518196   13.712986417    0.262277532
   -1.047197551    1.047197551 -119.194281177   31.413549310   -0.488538923
   -0.856797996    1.047197551 -111.942916716   43.330671032   -1.027403357
   -0.666398442    1.047197551 -103.255180565   46.185614526   -1.022224419
   -0.475998887    1.047197551  -94.904836335   40.045350888   -0.114843488
   -0.285599332    1.047197551  -88.404006402   27.307565050    2.005699478
   -0.095199777    1.047197551  -84.684203564   11.458379269    5.501960445
    0.095199777    1.047197551  -83.976673091   -3.680514527   10.268124042
    0.285599332    1.047197551  -85.780998209  -14.285387670   15.860573829
    0.475998887    1.047197551  -88.902007809  -17.056885208   21.495995039
    0.666398442    1.047197551  -91.642438632  -10.264909380   26.199259138
    0.856797996    1.047197551  -92.223994009    5.191340771   29.068052436
    1.047197551    1.047197551  -89.332546175   25.386960626   29.557604739
    1.237597106    1.047197551  -82.609667793   44.431809672   27.665976635
    1.427996661    1.047197551  -72.836270573   56.621007338   23.895793281
    1.618396215    1.047197551  -61.713137267   58.254735232   19.030548521
    1.808795770    1.047197551  -51.369477192   48.539786410   13.847367249
    1.999195325    1.047197551  -43.827479033   29.306123707    8.924521517
    2.189594880    1.047197551  -40.575961077    4.171184352    4.587468943
    2.379994435    1.047197551  -42.325125265  -22.462643621    0.992962405
    2.570393989    1.047197551  -48.925093671  -46.004540274   -1.771471669
    2.760793544    1.047197551  -59.378809315  -62.350900053   -3.623131868
    2.951193099    1.047197551  -72.010572931  -68.594782277   -4.509364740

   -3.141592654    1.396263402  -89.926759894  -62.702768141   -9.777130529
   -2.951193099    1.396263402 -100.507120197  -47.519190566   -8.415176079
   -2.760793544    1.396263402 -107.810625111  -29.273255975   -6.617026317
   -2.570393989    1.396263402 -111.836627209  -14.021596495   -4.724086816
   -2.379994435    1.396263402 -113.631944134   -6.326192655   -2.930422984
   -2.189594880    1.396263402 -114.789987115   -7.108471225   -1.277977531
   -1.999195325    1.396263402 -116.671766313  -13.052162191    0.221327427
   -1.808795770    1.396263402 -119.703414295  -18.107733344    1.460226692
   -1.618396215    1.396263402 -123.143600870  -16.612965051    2.217019442
   -1.427996661    1.396263402 -125.460322830   -6.321892641    2.296277006
   -1.237597106    1.396263402 -125.130041419   10.424570852    1.720756254
   -1.047197551    1.396263402 -121.411074436   28.232177615    0.827820885
   -0.856797996    1.396263402 -114.656587637   41.495801645    0.202692317
   -0.666398442    1.396263402 -106.096239533   46.841546933    0.467945339
   -0.475998887    1.396263402  -97.320326983   43.933316640    2.069101053
   -0.285599332    1.396263402  -89.757688809   34.531889822    5.148287073
   -0.095199777    1.396263402  -84.388515640   21.391636965    9.502340043
    0.095199777    1.396263402  -81.631639933    7.646023813   14.604483590
    0.285599332    1.396263402  -81.288702441   -3.387863494   19.680233272
    0.475998887    1.396263402  -82.531444311   -8.537154680   23.820018266
    0.666398442    1.396263402  -84.006655329   -5.687685157   26.191944004
    0.856797996    1.396263402  -84.157078586    5.118356412   26.296865162
    1.047197551    1.396263402  -81.700365827   21.040175697   24.131374724
    1.237597106    1.396263402  -76.117584652   37.052612304   20.190709057
    1.427996661    1.396263402  -67.913584115   47.761882865   15.257741242
    1.618396215    1.396263402  -58.511342261   49.196057733   10.100492758
    1.808795770    1.396263402  -49.851105087   39.976392969    5.240881946
    1.999195325    1.396263402  -43.874970466   21.416017959    0.913843890
    2.189594880    1.396263402  -42.062841701   -3.055037407   -2.831971193
    2.379994435    1.396263402  -45.116794919  -28.892667853   -5.965332232
    2.570393989    1.396263402  -52.833483646  -51.208001201   -8.374531798
    2.760793544    1.396263402  -64.114067077  -65.722367973   -9.880612813
    2.951193099    1.396263402  -77.174723977  -69.653231836  -10.343613117

   -3.141592654    1.745329252  -96.211230611  -60.570578395  -16.154707995
   -2.951193099    1.745329252 -106.222414659  -43.802810997  -14.839600422
   -2.760793544    1.745329252 -112.734894326  -24.823399608  -12.878435656
   -2.570393989    1.745329252 -115.902956365   -9.555467121  -10.546820775
   -2.379994435    1.745329252 -116.879623072   -2.232074896   -8.003143236
   -2.189594880    1.745329252 -117.306671912   -3.550814485   -5.272049459
   -1.999195325    1.745329252 -118.577056826  -10.243436852   -2.379812751
   -1.808795770    1.745329252 -121.176490185  -16.464604675    0.491354305
   -1.618396215    1.745329252 -124.449729861  -16.560063491    2.970406878
   -1.427996661    1.745329252 -126.912688767   -7.865016799    4.674240670
   -1.237597106    1.745329252 -126.974207980    8.023335643    5.474038865
   -1.047197551    1.745329252 -123.685098096   26.373407909    5.646932977
   -0.856797996    1.745329252 -117.108125154   41.717041870    5.797307807
   -0.666398442    1.745329252 -108.216761335   50.198792879    6.570594640
   -0.475998887    1.745329252  -98.481017411   50.608356480    8.357707140
   -0.285599332    1.745329252  -89.385058674   43.770703162   11.153231560
   -0.095199777    1.745329252  -82.124439840   31.728882491   14.557426477
    0.095199777    1.745329252  -77.439568293   17.240926382   17.896684467
    0.285599332    1.745329252  -75.488566244    3.616575625   20.394461310
    0.475998887    1.745329252  -75.761664484   -5.537313211   21.345370834
    0.666398442    1.745329252  -77.101052391   -7.253323857   20.327718660
    0.856797996    1.745329252  -77.953605384   -0.513672377   17.376679970
    1.047197551    1.745329252  -76.848769006   12.752602151   12.989528618
    1.237597106    1.745329252  -72.955549014   27.868787856    7.963052750
    1.427996661    1.745329252  -66.467101734   39.096337275    3.086890999
    1.618396215    1.745329252  -58.607675481   41.681537403   -1.141093718
    1.808795770    1.745329252  -51.273500707   33.496110546   -4.618961477
    1.999195325    1.745329252  -46.468935373   15.512219967   -7.526346587
    2.189594880    1.745329252  -45.753550595   -8.681687431  -10.109755149
    2.379994435    1.745329252  -49.844275909  -34.077299082  -12.478171233
    2.570393989    1.745329252  -58.460307576  -55.340234460  -14.522245315
    2.760793544    1.745329252  -70.368082470  -68.054172302  -15.976789019
    2.951193099    1.745329252  -83.662084591  -69.710049018  -16.566142043

   -3.141592654    2.094395102 -103.160195686  -59.539167639  -18.604786171
   -2.951193099    2.094395102 -112.828245752  -41.301024467  -17.315697732
   -2.760793544    2.094395102 -118.758613024  -21.297943142  -15.334923218
   -2.570393989    2.094395102 -121.190607099   -5.405025292  -12.899963191
   -2.379994435    2.094395102 -121.331056725    2.393831064  -10.137000730
   -2.189594880    2.094395102 -120.830279446    1.564683119   -7.024124953
   -1.999195325    2.094395102 -121.086172760   -4.756154391   -3.518490189
   -1.808795770    2.094395102 -122.641069408  -11.101295048    0.262186573
   -1.618396215    2.094395102 -124.963581596  -12.068623000    3.962230846
   -1.427996661    2.094395102 -126.700792028   -4.784420561    7.131339057
   -1.237597106    2.094395102 -126.305079455    9.822212777    9.485699602
   -1.047197551    2.094395102 -122.730107951   27.758499563   11.086941832
   -0.856797996    2.094395102 -115.835607031   43.845286473   12.296081215
   -0.666398442    2.094395102 -106.397856009   53.874417310   13.521025708
   -0.475998887    2.094395102  -95.805719639   55.857416838   14.951205263
   -0.285599332    2.094395102  -85.620777289   49.762691987   16.455141389
   -0.095199777    2.094395102  -77.256635033   37.064296590   17.618467461
    0.095199777    2.094395102  -71.742094735   20.371253519   17.903884032
    0.285599332    2.094395102  -69.508220491    3.287288767   16.838912140
    0.475998887    2.094395102  -70.222211144   -9.858202349   14.175443634
    0.666398442    2.094395102  -72.737093556  -15.101206450   10.032467089
    0.856797996    2.094395102  -75.315515424  -10.489074184    4.940825651
    1.047197551    2.094395102  -76.161530127    2.559360974   -0.301812727
    1.237597106    2.094395102  -74.088981776   19.165900324   -4.896146926
    1.427996661    2.094395102  -69.037183429   32.766301693   -8.340624749
    1.618396215    2.094395102  -62.160564642   37.588093035  -10.598609299
    1.808795770    2.094395102  -55.458165641   30.782977456  -12.031805500
    1.999195325    2.094395102  -51.121328792   13.166283873  -13.155129664
    2.189594880    2.094395102  -50.875571357  -11.322397580  -14.374234639
    2.379994435    2.094395102  -55.508352924  -37.078538053  -15.816894056
    2.570393989    2.094395102  -64.696627456  -58.235275242  -17.310001037
    2.760793544    2.094395102  -77.089272668  -70.123828644  -18.496483675
    2.951193099    2.094395102  -90.649375437  -70.341772477  -19.003825927

   -3.141592654    2.443460953 -109.322716589  -58.651793877  -13.199831498
   -2.951193099    2.443460953 -118.704214990  -39.224504602  -11.745123460
   -2.760793544    2.443460953 -124.143999001  -18.279054147   -9.810592655
   -2.570393989    2.443460953 -125.928698645   -1.652710157   -7.559566052
   -2.379994435    2.443460953 -125.285401033    6.889885996   -5.034424801
   -2.189594880    2.443460953 -123.842970264    6.985552273   -2.112543407
   -1.999195325    2.443460953 -122.969378120    1.668762944    1.375175262
   -1.808795770    2.443460953 -123.225840150   -3.984785292    5.435712715
   -1.618396215    2.443460953 -124.180749061   -4.960563438    9.776886504
   -1.427996661    2.443460953 -124.627258449    1.552072276   13.881802838
   -1.237597106    2.443460953 -123.134205266   14.981209782   17.246361895
   -1.047197551    2.443460953 -118.683430001   31.848844863   19.606836053
   -0.856797996    2.443460953 -111.081647320   47.244701391   20.985046023
   -0.666398442    2.443460953 -101.040885269   56.801421865   21.535952618
   -0.475998887    2.443460953  -89.949487119   58.096087464   21.340295916
   -0.285599332    2.443460953  -79.454207714   50.647646425   20.317300187
   -0.095199777    2.443460953  -71.117157082   35.753104523   18.251361422
    0.095199777    2.443460953  -66.117573810   16.191979142   14.942389358
    0.285599332    2.443460953  -64.971951406   -3.952694079   10.359471751
    0.475998887    2.443460953  -67.320154976  -19.641784207    4.754065340
    0.666398442    2.443460953  -71.847231245  -26.180520832   -1.301361381
    0.856797996    2.443460953  -76.525649011  -21.159653858   -6.997440107
    1.047197551    2.443460953  -79.229935662   -6.049298804  -11.529786203
    1.237597106    2.443460953  -78.513436175   13.624462050  -14.378302174
    1.427996661    2.443460953  -74.216809610   30.296199179  -15.502590435
    1.618396215    2.443460953  -67.584088886   37.299804648  -15.337887078
    1.808795770    2.443460953  -60.832424531   31.378126494  -14.571310338
    1.999195325    2.443460953  -56.393001286   13.508045176  -13.841341836
    2.189594880    2.443460953  -56.159950443  -11.831440762  -13.518360504
    2.379994435    2.443460953  -60.973603979  -38.406314098  -13.644219412
    2.570393989    2.443460953  -70.455930867  -59.886336307  -13.995755396
    2.760793544    2.443460953  -83.139539626  -71.414091315  -14.231749879
    2.951193099    2.443460953  -96.863024113  -70.685225071  -14.030347249

   -3.141592654    2.792526803 -112.763375876  -57.284263738    1.156514920
   -2.951193099    2.792526803 -121.816486952  -37.165445908    3.282008520
   -2.760793544    2.792526803 -126.802224950  -15.590970228    5.168173630
   -2.570393989    2.792526803 -128.016343561    1.657325919    6.760684100
   -2.379994435    2.792526803 -126.671075846   10.992388492    8.227059827
   -2.189594880    2.792526803 -124.347623898   12.183948871    9.943039536
   -1.999195325    2.792526803 -122.361161263    8.162867231   12.330065605
   -1.808795770    2.792526803 -121.268591502    3.613702424   15.596580935
   -1.618396215    2.792526803 -120.720547413    3.084761792   19.546058297
   -1.427996661    2.792526803 -119.664790992    9.130993966   23.591535335
   -1.237597106    2.792526803 -116.839870804   21.282270344   26.979196780
   -1.047197551    2.792526803 -111.352671071   36.380197012   29.083913714
   -0.856797996    2.792526803 -103.076452359   49.765882024   29.579531392
   -0.666398442    2.792526803  -92.762627941   57.096037090   28.424132360
   -0.475998887    2.792526803  -81.852345319   55.837407782   25.728993573
   -0.285599332    2.792526803  -72.060710427   45.461313950   21.657445461
   -0.095199777    2.792526803  -65.004466050   27.496664869   16.392514395
    0.095199777    2.792526803  -61.846527127    5.212383030   10.200674791
    0.285599332    2.792526803  -62.977885085  -16.682928073    3.488616294
    0.475998887    2.792526803  -67.798054856  -32.593561970   -3.168510233
    0.666398442    2.792526803  -74.671479512  -37.568441777   -9.076574028
    0.856797996    2.792526803  -81.242525694  -29.427016569  -13.554798386
    1.047197551    2.792526803  -85.150091087  -10.351995236  -16.146276238
    1.237597106    2.792526803  -84.880840949   13.128521473  -16.789578239
    1.427996661    2.792526803  -80.396058730   32.545378581  -15.850967546
    1.618396215    2.792526803  -73.193255039   40.795018923  -13.977772126
    1.808795770    2.792526803  -65.769126073   34.770756512  -11.825385597
    1.999195325    2.792526803  -60.763637955   15.995692898   -9.823536097
    2.189594880    2.792526803  -60.163306990  -10.438924526   -8.091196657
    2.379994435    2.792526803  -64.798587505  -37.850144954   -6.516170274
    2.570393989    2.792526803  -74.218962325  -59.712421820   -4.894765862
    2.760793544    2.792526803  -86.867441743  -71.153545395   -3.075511835
    2.951193099    2.792526803 -100.502205807  -69.969662095   -1.026505689
